3 10 --- (10= ----- Candidates:0

3 10 16 --- (16= ----- Candidates:0

3 10 16 7 --- (7= ----- Candidates:0

3 10 16 7 14 --- (14= ----- Candidates:0

3 10 16 7 14 --- (14= ----- Candidates:1

3 10 16 7 14 --- (14= ----- Candidates:2

3 10 16 7 15 --- (15= ----- Candidates:3

3 10 16 7 15 13 --- (13= ----- Candidates:0

3 10 16 7 15 13 2 --- (2= ----- Candidates:0

3 10 16 7 15 13 2 11 --- (11= ----- Candidates:0

3 10 16 7 15 13 2 11 1 --- (1= ----- Candidates:0

3 10 16 7 15 13 2 11 1 --- (1= ----- Candidates:1

3 10 16 7 15 13 2 11 1 --- (1= ----- Candidates:2

3 10 16 7 15 13 2 11 12 --- (12= ----- Candidates:3

3 10 16 7 15 13 2 11 12 8 --- (8= ----- Candidates:0

3 10 16 7 15 13 2 11 12 8 9 --- (9= ----- Candidates:0

3 10 16 7 15 13 2 11 12 8 9 4 --- (4= ----- Candidates:0

3 10 16 7 15 13 2 11 12 8 9 4 6 --- (6= ----- Candidates:0

3 10 16 7 15 13 2 11 12 8 9 4 6 14 --- (14= ----- Candidates:0

3 10 16 7 15 13 2 11 12 8 9 4 6 14 1 --- (1= ----- Candidates:0

3 10 16 7 15 13 2 11 12 8 9 4 6 14 1 5 --- (5= ----- Candidates:0

3 10 --- ([1,0,5,1]) ----- Candidates:0

3 10 16 --- ([5,0,4,1]) ----- Candidates:0

3 10 16 7 --- ([4,0,0,1]) ----- Candidates:0

3 10 16 7 14 --- ([0,1,4,2]) ----- Candidates:0

3 10 16 7 14 --- ([0,1,4,2]) ----- Candidates:1

3 10 16 7 14 --- ([0,1,4,2]) ----- Candidates:2

3 10 16 7 15 --- ([0,1,5,2]) ----- Candidates:3

3 10 16 7 15 13 --- ([5,1,2,3]) ----- Candidates:0

3 10 16 7 15 13 2 --- ([2,1,4,2]) ----- Candidates:0

3 10 16 7 15 13 2 11 --- ([4,1,0,4]) ----- Candidates:0

3 10 16 7 15 13 2 11 1 --- ([0,2,5,4]) ----- Candidates:0

3 10 16 7 15 13 2 11 1 --- ([0,2,5,4]) ----- Candidates:1

3 10 16 7 15 13 2 11 1 --- ([0,2,5,4]) ----- Candidates:2

3 10 16 7 15 13 2 11 12 --- ([0,2,4,1]) ----- Candidates:3

3 10 16 7 15 13 2 11 12 8 --- ([4,3,5,4]) ----- Candidates:0

3 10 16 7 15 13 2 11 12 8 9 --- ([5,2,4,5]) ----- Candidates:0

3 10 16 7 15 13 2 11 12 8 9 4 --- ([4,4,0,3]) ----- Candidates:0

3 10 16 7 15 13 2 11 12 8 9 4 6 --- ([0,1,1,0]) ----- Candidates:0

3 10 16 7 15 13 2 11 12 8 9 4 6 14 --- ([1,4,2,0]) ----- Candidates:0

3 10 16 7 15 13 2 11 12 8 9 4 6 14 1 --- ([2,5,4,0]) ----- Candidates:0

3 10 16 7 15 13 2 11 12 8 9 4 6 14 1 5 --- ([4,3,0,0]) ----- Candidates:0

